# 0,10,...1000 for chy's (just labels), 
# then chzs (chz0000 has a pub key, chz0010 has ten delegations
34	352	595	860	1148	1419	1683	1942	2171	2438	2742	3013	3196	3518	3840	4076	4391	4522	4798	5059	5350	5656	5865	6129	6427	6813	6884	7124	7409	7737	8046	8294	8503	8868	9256	9580	9620	9819	10018	10299	10578	11113	11088	11336	11613	11996	12297	12712	12676	12985	13236	13454	15263	14018	14446	14652	14756	15145	15265	15376	15918	16189	16324	16581	16892	17151	17896	17482	18090	18499	18505	18724	19018	19229	20262	19666	19880	20139	20987	20924	21155	21439	21613	21842	22251	22421	22427	23784	23578	23442	23712	23990	24374	24494	24935	25715	25332	25742	25703	26027	26430
87	1364	2474	3623	4764	5897	7060	8213	9313	10837	11634	12964	13962	15029	16419	17360	18492	19666	20854	22413	23086	24460	25363	26430	28415	28755	30292	31229	34269	33505	34560	35624	37653	38087	39604	40397	41975	42947	43827	44863	46356	47209	48195	50427	50671	52241	53592	54151	55214	56177	58571	59344	59877	60916	62052	63865	64245	65369	67350	67926	69744	70323	71391	72598	73463	75209	75703	77187	77912	81181	80961	82026	83401	84277	84939	86777	87218	88894	89242	91396	92552	92750	94835	95149	96411	97907	99339	100425	101074	102590	104992	105490	106211	106805	108272	108884	110628	111484	113018	114406	115662
0	34	87
10	352	1364
20	595	2474
30	860	3623
40	1148	4764
50	1419	5897
60	1683	7060
70	1942	8213
80	2171	9313
90	2438	10837
100	2742	11634
110	3013	12964
120	3196	13962
130	3518	15029
140	3840	16419
150	4076	17360
160	4391	18492
170	4522	19666
180	4798	20854
190	5059	22413
200	5350	23086
210	5656	24460
220	5865	25363
230	6129	26430
240	6427	28415
250	6813	28755
260	6884	30292
270	7124	31229
280	7409	34269
290	7737	33505
300	8046	34560
310	8294	35624
320	8503	37653
330	8868	38087
340	9256	39604
350	9580	40397
360	9620	41975
370	9819	42947
380	10018	43827
390	10299	44863
400	10578	46356
410	11113	47209
420	11088	48195
430	11336	50427
440	11613	50671
450	11996	52241
460	12297	53592
470	12712	54151
480	12676	55214
490	12985	56177
500	13236	58571
510	13454	59344
520	15263	59877
530	14018	60916
540	14446	62052
550	14652	63865
560	14756	64245
570	15145	65369
580	15265	67350
590	15376	67926
600	15918	69744
610	16189	70323
620	16324	71391
630	16581	72598
640	16892	73463
650	17151	75209
660	17896	75703
670	17482	77187
680	18090	77912
690	18499	81181
700	18505	80961
710	18724	82026
720	19018	83401
730	19229	84277
740	20262	84939
750	19666	86777
760	19880	87218
770	20139	88894
780	20987	89242
790	20924	91396
800	21155	92552
810	21439	92750
820	21613	94835
830	21842	95149
840	22251	96411
850	22421	97907
860	22427	99339
870	23784	100425
880	23578	101074
890	23442	102590
900	23712	104992
910	23990	105490
920	24374	106211
930	24494	106805
940	24935	108272
950	25715	108884
960	25332	110628
970	25742	111484
980	25703	113018
990	26027	114406
1000	26430	115662
# keypair creates: 86286 usecs per, or 11 per second
# RSA encrypt: 63 usecs per, or 15873 per second
# RSA decrypt: 1275 usecs per, or 784 per second
# RSA signatures: 1332 usecs per, or 750 per second
# RSA verifies: 96 usecs per, or 10416 per second
# AES encrypt: 76 usecs per, or 13157 per second
# AES decrypt: 75 usecs per, or 13333 per second
# hash to binary: 43 usecs per, or 23255 per second
# hmacs to binary (10152 byte buffer): 45 usecs per, or 22222 per second
# hmacs to binary (27 byte buffer): 2 usecs per, or 500000 per second
# hash to ascii: 52 usecs per, or 19230 per second
# mallocs: 0 usecs per, or 1000000 per second
# inserts none/sync: 836 usecs per, or 1196 per second
# inserts none/async: 374 usecs per, or 2673 per second
# inserts out/sync: 38 usecs per, or 26315 per second
# inserts out/async: 22 usecs per, or 45454 per second
# inserts trans/sync: 1168 usecs per, or 856 per second
# inserts trans/async: 356 usecs per, or 2808 per second
# inserts ntrans/sync: 832 usecs per, or 1201 per second
# inserts ntrans/async: 412 usecs per, or 2427 per second
# two:~/dfs> 
